"","Date_num","lat","long","PA24d","POGly","POMet","PasHay24d","PasHayClo","PasHayFlu","PasHayGly","PasHayMcpa","PasHayMet","PO24d_l","POGly_l","POMet_l","PasHay24d_l","PasHayClo_l","PasHayFlu_l","PasHayGly_l","PasHayMcpa_l","PasHayMet_l","AvgT_R","AvgT_G","AvgT_B","SMaPercSat","SMaPercSatU","SMcVSM","SMcVSMU","SMpVSM","SMpVSMU","S1CRDH_VH","S1CRDH_VV","S1CRDM_HH","S1CRDM_HV","S2L2AB01","S3OLCI681","S3OLCI685","AI335","AI335P","AI340","AI340P","AI354","AI354P","AImH","AImHP","AImP","AImPP","CH4bcorrmr","CH4mr","CH4mrP","CLgCBH","CLgCBHP","CLgCBP","CLgCBPP","CLgCF","CLgCFP","CLgCOT","CLgCOTP","CLgCTH","CLgCTHP","CLgCTP","CLgCTPP","COtccorr","COtc","COtcP","HCOHgFVC","HCOHgFVCP","NO2gAMF","NO2gAMFtrop","NO2gAMFtc","NO2gAMFtcp","NO2gAMFtcpk","O3gOVC","O3gOVCP","SO2gVC","SO2gVCP","TotalPrecipitation","ERA5windU","ERA5windV","ERA5_2mdt","ERA5mslp","ERA5_2mt","ERA5sp","ERA5totp","ERA5strd","ERA5max2mt","ERA5min2mt","ERA5st1","ERA5st2","ERA5st3","ERA5st4","ERA5vswl1","ERA5vswl2","ERA5hvc","ERA5hLAI","ERA5lLAI","ERA5skint","mERA5windU","mERA5windV","mERA5_2mdt","mERA5mslp","mERA5_2mt","mERA5sp","mERA5totp","mERA5ssrd","mERA5strd","mERA5snow_rate","mERA5snow","mERA5stl1","mERA5stl2","mERA5stl3","mERA5stl4","mERA5vswl1","mERA5vswl2","mERA5hLAI","mERA5lLAI","mERA5lvc","mERA5skint","mERA5snowD","SMaDNF","SMaF","SMaSmode","SMaSens","SMatO","SMcDNF","SMcF","SMcFBI","SMcSmode","SMcSens","SMctO","SMpDNF","SMpF","SMpfID","SMpSmode","SMptO","NO2gTLI","ERA5prect","ERA5stype","ERA5lvg","mERA5stype","mERA5hvc","Bio_1","Bio_2","Bio_3","Bio_4","Bio_5","Bio_6","Bio_7","Bio_8","Bio_9","Bio_10","Bio_11","Bio_12","Bio_13","Bio_14","Bio_15","Bio_16","Bio_17","Bio_18","Bio_19"
"Date_num",1,0.0738652848064123,0.0563686389348882,-0.20552105101232,0.0291445209631793,-0.0297971876320581,-0.133233046654491,-0.454587471882003,0.0406646074252753,-0.0410271569560082,-0.369393110991669,-0.187614711588047,-0.19659072279948,0.0360629403027016,-0.0297971876320581,-0.108989937779158,-0.431660838123544,0.0491793313363011,-0.0275995457969904,-0.342835277905705,-0.161806310491881,0.130707781331718,0.0685533571840524,-0.138627648879535,0.508847863875386,-0.0253253603866921,0.14619452213446,0.0276380834918973,0.167545750612409,0.0147910958173814,0.0788268424007204,0.202759244181424,0.0467755972636941,0.0467755972636948,0.0953317579034496,-0.0564578328071412,-0.0437110342751,-0.106191634804672,0.0713736008740672,0.222754536453714,-0.181712780541206,0.189874342839965,-0.0666185606430826,-0.0263411399207177,-0.0512035640141558,0.0223108390150566,-0.0551620691947768,-0.0349987022964766,-0.0441418402072044,0.0063102984843391,0.0728427964080445,-0.0682502624352884,-0.0194186325321274,-0.222113081758643,-0.118969114217744,-0.15393486132019,-0.0715658685186122,-0.178762264654736,0.0479797220955059,-0.0682502624352884,0.0168149052192283,-0.297021162666049,0.418493104258651,0.184698013883135,0.211255938255657,0.170729282190885,0.0887172003657114,0.0976184554347938,-0.00670398114918648,-0.0500930274698792,-0.15565364409742,-0.167345747062217,-0.19233866538901,-0.243351073814299,0.0398278186934648,-0.344284654224984,0.0370439006058856,-0.048374128841745,-0.0938673160141995,0.067078345512078,0.0213483844904646,0.0203983509986384,0.0839254481746233,0.107299006656588,0.0777217635025991,0.0120022473122385,0.0153848058023536,-0.0372078692790927,-0.0552094616824916,-0.0653680879043444,-0.0513268933833549,-0.0156627999846811,-0.015345582892579,0.186418240464345,-0.0377199356320709,-0.00445270315931614,0.0108004849599639,0.0197809405856135,0.0881132172129731,0.0344910642557026,-0.135273102368897,-0.0302360886870354,0.0647115999953808,0.124511974701918,-0.0370413845938982,0.0106230879873151,-0.0940107745400117,-0.0939968719514574,-0.0533431988742151,-0.0542749907400387,-0.0628336229083343,-0.0477326236539836,-0.00216233315445074,-0.00225672765525484,-0.0378843212204682,0.00147137440813041,-0.260137934538095,-0.0382269797821556,-0.0644203715072472,0.127471909008863,0.130308532396074,-0.169372377194605,0.420264399144676,-0.451969020590864,-0.114915705099174,0.00307656500840714,0.112833167292242,-0.402689168336304,0.35430365509456,-0.439833018038701,0.556796546331964,0.110530183121591,0.309080944812161,0.042804179240902,0.40262742199393,0.540110286409413,-0.0075937952682839,-0.240951819542301,-0.243891740644375,-0.252989631320449,0.187477374640712,-0.00533831695171025,-0.0876214327261259,-0.00378840449138267,-0.0278090218389279,-0.0607658444374715,0.024120491401506,-0.0730785357228192,0.05504590671077,0.0310854641069731,-0.024998224792999,0.00788981914938975,0.0221543926478928,0.033530030244326,0.00791047471945313,-0.0280259218706473,0.011593109548293,0.0283430014951549,-0.0284854173639826,0.0967118366773227
"lat",0.0738652848064123,1,0.425571671806028,0.113543791213615,0.125943663912776,-0.425505348660164,-0.286228144003311,-0.301332839004823,-0.302582383644531,-0.31523870278916,-0.120351975272539,-0.330998741204983,0.14811946206353,0.180935153973422,-0.425505348660164,-0.230994553225115,-0.268139431901312,-0.253919817000617,-0.244854440183511,-0.033066865686603,-0.317897834338605,-0.641098883434361,-0.799697467013796,-0.110072921091048,0.371388094081138,-0.401131252289713,0.242538696352619,-0.221024202642512,0.324592463630539,0.324908788670257,0.0247005447549299,0.102271253715961,8.0885284315316e-06,8.08852843110331e-06,-0.0322707961099024,-0.549110999671532,-0.289760514610914,-0.23294832533039,0.288063525401678,0.0471529005064241,0.10889954147913,0.0357474271315963,0.0444265553461348,-0.100447421936828,-0.295936855439578,0.0787579104665261,-0.3136543621256,-0.485448808265784,-0.582771763645317,0.516113301117233,0.141713140190798,0.0861613721876778,-0.171563511474792,0.201028260796319,0.192626883662767,0.256397051139358,0.0331288877095535,0.283240389686806,0.186789097189236,0.0861613721876778,-0.213881375638992,0.212012030544851,-0.00215736181348177,0.345333610391332,0.305385740444784,0.0461892696197169,0.0664506651997876,-0.217387250592305,-0.264263711546686,0.0710770915911419,0.191845295304816,0.207661808284901,0.0588704815064336,0.0518422487082785,-0.0197170306394792,0.0822585937562567,-0.00414040267540762,-0.0723607038445936,0.145442590588962,-0.0450547065675179,0.00947755722751259,-0.340535480083756,0.516913158084668,-0.0418532361845644,-0.0207583822738285,-0.274879896723333,-0.265057877377453,-0.412590871043075,-0.444844026401954,-0.592524975608729,-0.647958348304573,0.462330925072861,0.5231907864936,0.17828325215832,0.356986047111379,0.296818593195526,-0.260056021910629,0.191352854422917,0.204705142874782,-0.0981659382390629,-0.142413190870246,-0.389473904911057,0.519734429883543,0.0729633074466769,-0.321919773930067,-0.0531799545193695,0.211631102057061,0.211600797943039,-0.437650659341532,-0.451418917960537,-0.587746441233549,-0.635093204319321,0.509460668217136,0.53182046692531,0.356038466393075,0.268811845119093,-0.133145803620118,-0.381405743271644,0.18925686083403,-0.0398736629116755,0.118106807876027,-0.268864002802946,-0.0421316073952757,-0.114291677752564,-0.0790872845384088,-0.0873815021639675,-0.107657240209879,-0.284977517281177,-0.0619231986011543,-0.0955170501778764,0.00337191954908998,0.0529318276626321,0.0844726785894219,-0.0949766458409475,-0.0716415020944419,-0.198269544509098,0.145348259385597,-0.0136789680415277,-0.148115281331294,-0.00625749058487322,0.173869498553557,-0.88866691084289,-0.696823910648701,-0.612270859009072,0.252300368782856,-0.831487924168193,-0.65071853207415,-0.0242405357982551,0.0648528293592393,-0.708818262268094,-0.868359990763505,-0.718062507788466,0.182538430462292,0.0858929416611307,0.387992859052329,-0.38966943450557,0.105271480009869,0.345948039965507,0.489485796817685,-0.115887575759237
"long",0.0563686389348882,0.425571671806028,1,-0.448819109887276,-0.471889996519322,-0.695542009678247,-0.536377091459354,-0.490313535317345,-0.486236334257025,-0.600204537947757,-0.544970222501137,-0.705759277611061,-0.427790594145824,-0.432264069844152,-0.695542009678247,-0.484755262902721,-0.450069891667466,-0.425391915404769,-0.537204776783798,-0.498699193009988,-0.711679845389746,-0.200489180875849,-0.411232539814438,-0.311823162966206,0.0275547896138275,-0.0341306475279316,-0.304600962580033,0.389064498353344,-0.363766486725239,0.718244277842365,-0.077854126502963,-0.0803695347806933,-6.52599393130552e-06,-6.52599393142228e-06,0.40375069649962,-0.424220551842779,-0.356105420312222,-0.324314121029098,0.0884413555198517,0.130463321721147,-0.149870732800458,0.117223445055949,-0.182343267665213,0.519221595834539,0.338834537402827,-0.535514216701525,0.319314027920312,-0.399625920506179,-0.406238885712522,0.422632383233724,0.14170028894059,0.113126614221977,-0.210638700578023,0.225194852763662,0.316794153115873,0.314190176396071,0.250609866412941,0.367896390937001,0.181224601422104,0.113126614221977,-0.243225537234315,0.21780670311451,0.200405640798835,0.382979794097605,0.103635924936326,0.0767296068502802,0.200207512851073,0.0533398502353847,-0.0284701050080979,0.0158903976421431,0.0883857338465437,0.0962413408490828,0.375732442253142,-0.051106994672832,0.113419607730645,0.118798660441229,0.120550507856267,-0.219733384249768,0.0701999259293516,0.105536646702049,-0.00479259891683,-0.0249520129109397,0.380662485266959,-0.0817897433237604,0.0463710591880932,0.0617430923695442,0.0707182347117969,-0.0845373794021035,-0.000853799619381783,-0.0134122486386899,-0.0952984690075479,-0.0113725392769913,0.0590337154693681,0.178626841873503,-0.0723561630431292,0.106093668398744,0.0887883534685334,-0.248884011556875,-0.347397258977145,0.0837732096566621,-0.0541746604443181,0.0173622070021541,0.380271391942488,-0.177291431722376,0.00478974274397007,0.178837068904865,0.14183267544682,0.141790064471805,-0.0168614302369763,0.0188757521156944,-0.0154409307101805,-0.105506102945714,-0.0211528847778386,0.0480141709974538,-0.054377746079849,0.117353079004286,-0.232446226146454,0.0476863561446139,0.126204399855318,-0.0728303689005109,0.137606119323941,-0.205429532737999,-0.0992147151169484,-0.180808099998423,-0.209354147511033,-0.0494970603758082,-0.171760720486783,-0.206899299612039,-0.0675079195145727,-0.202308424970965,-0.231492347817389,-0.0115673211685712,0.117374234502298,-0.0836534161674843,-0.40727927400576,-0.412760312439195,-0.0802870661740701,-0.262970682652913,-0.23692947653572,-0.246137526307515,0.181366757158801,-0.660557703533031,-0.377417130285237,-0.886090470387521,0.848949376543166,-0.298739123922827,-0.829022984492147,0.583461637505412,0.567591513794336,-0.715464198113851,-0.220969326082622,-0.842394797281795,-0.172021499122335,0.00890548768574307,-0.018742708912732,0.0681170560280174,-0.0494021133431386,-0.0903742146619593,0.332622496728299,-0.357750055481727
"PA24d",-0.20552105101232,0.113543791213615,-0.448819109887276,1,0.954462423891853,0.744011747354406,0.808933205502801,0.779998959605287,0.723087986817208,0.809421624095738,0.94387501075981,0.747063618411588,0.999161182971343,0.952551254778263,0.744011747354406,0.790924074423132,0.779756510184143,0.702922260194606,0.815065397336005,0.971407444877106,0.701348815965186,-0.140055203691541,-0.211903307696085,-0.0404409501349962,0.16980188751636,-0.381458126873136,0.465459586276496,-0.510169161271553,0.301929345078067,-0.149869612990205,0.16773548620111,0.132331901071474,-0.000316213479328746,-0.000316213479329457,-0.493826612092854,-0.121503020898108,-0.00544624697567572,-0.172549514589961,0.0271165458947421,-0.221641095952794,0.153409644462888,-0.224270433271058,0.0987276747112107,-0.42060413779251,-0.305843052009258,0.433370446213101,-0.288552190370765,0.400883311983778,0.213994291507657,-0.314958715148329,-0.104617057948898,-0.0724159399793096,0.125960981212722,-0.0901822334649489,-0.0559383878271596,-0.217871333402803,-0.107885721581049,-0.213518597864195,-0.0510741388762998,-0.0724159399793096,0.0513013377792357,-0.0197061381588713,-0.128222587117687,-0.0580556796119634,0.0881454634568556,-0.149405250874136,-0.37482151361207,-0.360183932054703,-0.111454933172308,0.0489860944626464,-0.0139234303155639,-0.0205175438524766,0.0578943286101893,0.0637430950523242,0.00650717857526533,-0.203246671748095,0.194748730532971,0.223198371311682,0.0168140272962674,-0.0341609982685122,-0.0531529511254487,-0.140485458728575,-0.0963952664195528,0.0275332727410397,-0.0439300063724616,-0.169027707111318,-0.171241964118693,-0.149173549505023,-0.220923812719455,-0.325081615137414,-0.353158598232217,0.337323303616932,0.343651560625195,-0.104032922355262,0.163897795964816,0.146461236659961,-0.198949417079136,0.252143966330078,0.218166980265193,-0.0106257373210439,0.0919415303402966,-0.194043605072426,-0.0747336862815043,0.158518711227311,-0.118929574668234,-0.117088202995704,-0.128289238436281,-0.128248246542056,-0.207542315093947,-0.252831017477341,-0.336762910503291,-0.341553820941203,0.405076207608687,0.389744014702221,0.142328425409461,0.129029065307782,0.160548503095228,-0.21988395439278,-0.126066384508227,-0.0157195179786788,-0.142622344580859,0.0737061509461769,0.029506961831546,0.071705560729417,0.144200389969114,-0.0733198891526766,0.185283719750201,0.192144161193183,0.0450344190714268,0.0765844022299243,-0.0825150483909268,0.0491320304779919,0.0874319939446314,-0.0529576557494898,-0.035718820051649,0.00353766094587239,0.0915767509118283,0.332910039746374,0.156486137161905,0.326983748673263,-0.106733283107886,0.0530778043567863,-0.251677941033035,0.28239332293124,-0.520006972124348,-0.299828019289963,0.353286943672219,-0.593649094090413,-0.113128189244649,-0.0191243972013776,-0.296415559344427,0.263922913394239,0.471147566862522,0.237222872764947,0.569098319757349,-0.415172564637095,0.316068008411236,0.569891122179628,0.358110030378361,0.255893224075187
"POGly",0.0291445209631793,0.125943663912776,-0.471889996519322,0.954462423891853,1,0.78105722546646,0.790394295062139,0.643375762055182,0.764616338615658,0.833897615537713,0.84664068992419,0.715135590800936,0.955222933437191,0.997687344982164,0.78105722546646,0.775972267745352,0.647328751889629,0.742586896902129,0.839720669733717,0.878017041025984,0.678309219851782,-0.120723689900818,-0.198314462833391,-0.0537330218117458,0.32253053148639,-0.402428432482847,0.528872629532227,-0.531301453051443,0.335544985313532,-0.180160735916307,0.185254527987658,0.208414537564608,0.000692828276502722,0.00069282827650214,-0.496294356208642,-0.136207872016372,-0.0176127218708787,-0.217024250648872,0.0339459984485864,-0.182368252635879,0.0936644567368373,-0.192858223362575,0.0726249119475519,-0.463209608405304,-0.340402387131237,0.476267849508579,-0.322612576092534,0.434146104177887,0.23919924225333,-0.348099666382835,-0.0691994701079563,-0.107660011259569,0.102853557296841,-0.155023325961026,-0.0796506258021401,-0.242466078857435,-0.113918156696432,-0.251428755806535,-0.0276164036969832,-0.107660011259569,0.044077605105142,-0.10509959197945,-0.0324024224861567,-0.0378601481975897,0.118692598473443,-0.111696371213104,-0.354839267507052,-0.329706413876797,-0.122753448339959,0.051831077332632,-0.0307550706247342,-0.0396952517448084,0.0111226709534661,-0.0128681445525162,0.0319229669835058,-0.290310677643659,0.219989800976763,0.201138270413637,-0.00165898705077563,-0.0347004938069333,-0.031157756312699,-0.140039504519328,-0.119499063087264,0.0670274809456766,-0.04677914397053,-0.16793925592348,-0.170752971039436,-0.161926645099565,-0.233420538925852,-0.341938407951425,-0.373311195529553,0.343006096650953,0.349220094545213,-0.0626735596415865,0.177649049573909,0.171256634595593,-0.212078564018797,0.239914733858434,0.254159758745206,-0.0112703300129153,0.0591459466249591,-0.196344683986951,-0.104845476218534,0.210012072729751,-0.112728548085956,-0.126518646906981,-0.153484493098827,-0.153437752472381,-0.21544276402697,-0.262558502875231,-0.351191608236425,-0.362446586713899,0.412724632989893,0.395988845710306,0.152438588292979,0.151328249084146,0.114832277845345,-0.226513696927691,-0.145162385295347,0.0386927534847491,-0.130567061461031,0.0471481109611257,0.152161053970434,-0.0323445015914304,0.136285406396,-0.084292854308099,0.220478070275928,0.0797940274378669,0.150930433012432,-0.0177310475175883,0.0889074870838725,0.0997754306327429,0.187856488677065,-0.0391095616445261,0.108886547162472,0.139797968393499,0.0634020901427597,0.274927130974005,0.111873011561916,0.267346522625086,-0.0659104934449293,0.0623910823662908,-0.255352523310918,0.304214407944799,-0.544949826186101,-0.307556485794551,0.374127968708731,-0.620625434867926,-0.110502276392981,-0.00183713454697808,-0.301248677862865,0.281583611179303,0.497621532056424,0.256579525784633,0.580240879179391,-0.42372199970503,0.335690013003799,0.58576405688811,0.360172349010383,0.290661308126865
"POMet",-0.0297971876320581,-0.425505348660164,-0.695542009678247,0.744011747354406,0.78105722546646,1,0.894159462283718,0.777131579858603,0.881872669020202,0.963171138638076,0.81450636761033,0.853472952505325,0.72000189149551,0.739922468307412,1,0.841755384145651,0.755361432460442,0.826390787359609,0.919633694922081,0.777561905068739,0.806556918003091,0.222679267638992,0.288470884910358,0.0962589286565183,0.0867513160087492,-0.183480918024874,0.398451235080969,-0.418853428660632,0.152957516712795,-0.382944409030272,0.144572425413808,0.132210520617287,1.68411129920898e-06,1.68411129845526e-06,-0.551095813308689,0.196133567112387,0.135275590510523,-0.0564086404673072,0.00157499556470206,-0.157611994453411,0.0657297280057272,-0.14289145057736,0.0836123802448711,-0.502048238595547,-0.318330132302377,0.522358217863826,-0.293282562739753,0.583794790351168,0.501078938258696,-0.563094088462661,-0.119799231411079,-0.150871241935917,0.162152524633877,-0.217836366358329,-0.237102614994904,-0.31288238284009,-0.179342871082604,-0.336504042762648,-0.13490851725112,-0.150871241935917,0.166228326806477,-0.195069219336564,0.0068401471641486,-0.275526847110514,-0.0600031683403268,-0.115576842651077,-0.324276960747623,-0.0612362246206068,0.0836460545610067,-0.023653561994407,-0.16481054574343,-0.179090064966308,-0.0977750868455203,0.0019327522389742,0.00331295517531413,-0.320567508316817,0.206876669743786,0.188694030299931,-0.0807898138021112,-0.0561871239665089,0.0162214239954693,0.0326905493587133,-0.502349326660901,0.0866180686331811,-0.0629900430302602,-0.0399336833691412,-0.047391308390508,0.0517510167355319,-0.00025749228937817,-0.0123131367486133,0.0110499814101243,0.0626356772343256,0.0403961633859048,-0.0785249794700521,0.0279251395406145,-0.0107863120291371,-0.0929545771579888,0.0859504936967582,0.166497575546875,-0.0512165876552177,0.156176262093579,-0.012771369240017,-0.495533748389827,0.185571359167276,0.066336311911695,-0.192182921924968,-0.181358245363809,-0.1813125380326,-0.000856947373419187,-0.0404015428279719,-0.0381223771845392,0.00892473329774699,0.0888779890602076,0.072168910381041,-0.00145336258899649,-0.0231839323969963,0.100467184861283,-0.0460715124020759,-0.170060925548838,0.0619824385019138,-0.143225818954966,0.178913885095989,0.148956545121469,0.00773612952253454,0.147305768971655,-0.00501970396777844,0.231526780018297,0.194773593399428,0.154046536452922,0.0210867800179112,0.115512617762421,0.130754892780383,0.12059836508175,0.0447766237090968,0.186362900309903,0.251165319934088,0.0185528864038848,0.216879331581566,0.102156097199037,0.204446700973836,-0.0816354894766149,0.544695069291716,0.240834450498087,0.600087357122432,-0.580459192106461,0.256597190882898,0.648862949750958,-0.438266939801533,-0.147439740584933,0.465734884398379,0.255303482821226,0.635504116861619,0.340537010808248,0.197453122109606,0.195472872595334,-0.0389494844334364,0.270192902761308,0.237838119691298,0.0124375360718724,0.332886803586806
"PasHay24d",-0.133233046654491,-0.286228144003311,-0.536377091459354,0.808933205502801,0.790394295062139,0.894159462283718,1,0.853507806537846,0.967443206573105,0.968311149236065,0.841589071587773,0.79345730016032,0.791827901581832,0.766767741502438,0.894159462283718,0.99193993799178,0.852275572650628,0.955332212466634,0.97593961073597,0.834063861054256,0.731342622398085,0.11568835392234,0.063522364701858,-0.0976799204750071,0.0846624636273502,-0.29427872309017,0.430395279661603,-0.421238352116881,0.258383871870379,-0.265276419811468,0.179557370635737,0.141609981361894,1.05558138563331e-05,1.05558138556866e-05,-0.537047728609578,-0.0175718676832178,0.0446024860314206,-0.171926912960077,-0.0232088268705341,-0.170325427146835,0.0379416478654544,-0.155788468125254,0.0269215420947288,-0.439032893520659,-0.275586104680252,0.457080112632398,-0.253443442475823,0.497017481253634,0.346396766096985,-0.472163641843922,-0.0724169828954253,-0.138908507339963,0.0917303885796294,-0.137182587901735,-0.142633682794781,-0.256665253254272,-0.120570249493638,-0.276719831860431,-0.0476001182685469,-0.138908507339963,0.0504439973203194,-0.100837641952112,0.00375617664911439,-0.197067857249443,0.0131377761491341,-0.160493481779336,-0.38479054815954,-0.184132664784903,0.0133019249020879,-0.000751822041495216,-0.120190058139378,-0.131865465016149,0.0745057634858613,-0.00654178053160738,0.110048015529751,-0.305532910079854,0.304824711629433,0.188865445808939,-0.112963455764313,0.0288602370986307,0.0331772122145462,-0.00921182268013839,-0.350237368327767,0.0788465389309904,-0.0291243918608739,-0.0789144675650887,-0.0812671248190948,-0.0101576806805428,-0.0825078667876675,-0.139911893768252,-0.153863791350367,0.199488599317897,0.192633013769799,-0.0210923387989904,0.101860146364538,0.109426479815447,-0.104914353493426,0.109612504398476,0.0680699696462794,0.0536253618846814,0.165499060195775,-0.0682543536292391,-0.34324937770347,0.248438709547785,0.0290134580531001,-0.122597637632692,-0.155347620446722,-0.155309625573253,-0.0693356433168524,-0.1175967531986,-0.165671056651162,-0.151948800958225,0.2186203762809,0.219420220427972,0.0731340529015392,0.0956464841879901,0.0240025958006181,-0.100498742804881,-0.145490720970385,0.00111617218953564,-0.171247228058333,0.125988268351639,0.115664498003742,0.04548820242636,0.140963526982868,-0.0790906449656495,0.253045430934356,0.206190639834222,0.163210669571621,0.058109941930171,-0.0526536922236141,0.0799932949127376,0.167255517949719,-0.028773033123397,-0.000673014378719516,0.0660384823985143,0.0905260845951213,0.239275361780009,0.0246953154083802,0.227116126346023,-0.0242657409747348,0.378972349965277,-0.0686627275062945,0.420232345840201,-0.570937876364332,-0.00195989481475645,0.567271028433252,-0.565937508061929,-0.0795024468555943,0.233859717913569,0.0525251839989128,0.509562370214681,0.537912168939403,0.40876326331571,0.396540699564016,-0.0714980961240149,0.477061836062686,0.415635849697209,0.234689472746998,0.425226199066576
"PasHayClo",-0.454587471882003,-0.301332839004823,-0.490313535317345,0.779998959605287,0.643375762055182,0.777131579858603,0.853507806537846,1,0.731823529295405,0.819625493288205,0.91411590683407,0.833277434686677,0.758811368395174,0.615828536761612,0.777131579858603,0.813586979412004,0.994743701745805,0.699599217686684,0.804481289659904,0.885896396882961,0.769380959783287,0.135768621881266,0.156023447432208,0.0388549200448185,-0.15805325770386,-0.119411330395272,0.257291803110903,-0.311563521934491,0.0522024980545228,-0.237392707881643,0.162413379790294,0.0591283639535086,-0.000524696797269231,-0.00052469679726995,-0.471546445181409,0.141717774346733,0.144830718685679,-0.0334452560671578,-0.0152159889885773,-0.214875954154313,0.122821827984124,-0.190904445803119,0.0722304876671152,-0.326457609834583,-0.193679664181228,0.342121415388616,-0.174625217086373,0.408824384140817,0.335045304838393,-0.406761263691712,-0.129754455576804,-0.0882634824426708,0.133899434370397,-0.0882073095083094,-0.109152018646847,-0.217560303771352,-0.121688203195556,-0.215673748302289,-0.10683655749913,-0.0882634824426708,0.0934433678693511,-0.0322868787832884,-0.0887836657548128,-0.27134328528612,-0.0922467997933055,-0.190375938518137,-0.340403183955276,-0.131677828473421,0.054890474350495,-0.00695446104004133,-0.0900454940018576,-0.0981815261918641,0.0613810329567222,0.122039155180261,-0.00293806911718013,-0.114759891090947,0.235281125465792,0.189860373616654,-0.0363128260442321,-0.00860159418801766,-0.0251934066329825,0.0311303388006835,-0.319315454230104,0.0167420463880951,-0.0162746282781056,-0.0258469208135196,-0.0301864548492025,0.0638668768226829,0.0163572712651992,-0.0122717910740489,-0.0188653958448097,0.0827948802100112,0.0725961437010445,-0.110345063918725,-0.016676490417766,-0.0143603904449024,-0.0361854122572903,0.123736861369421,0.0722791427385554,-0.0052472487666477,0.156890261865603,-0.0151697154795078,-0.3028510105096,0.0908691547494057,0.0380588093847833,-0.102527115101943,-0.124434601548415,-0.124403352768387,0.000509662496078524,-0.0320723109895574,-0.0440934081040787,-0.0173398164847327,0.106369280951761,0.0946684655220526,-0.0355596954096252,-0.0205773541127452,0.134452574255918,-0.0326020039935486,-0.120893109300115,-0.0502048714282054,-0.140639149612833,0.18529645990682,-0.110882500342404,0.19080562772336,0.168064389898454,-0.0239340365882598,0.212288025213756,0.361498106000759,-0.0585517958389999,0.179954665765249,-0.238146760103458,-0.0470867929094609,-0.0561513264558431,-0.0285929684623815,-0.132943680745705,-0.0825168336603033,0.0529167187828518,0.208393180614201,0.134756054470828,0.19936743409016,-0.112540059761241,0.348945876029791,0.125888515186221,0.385869144115109,-0.409291192422254,0.138449080964822,0.443769885714106,-0.329659515368764,-0.0651676758508741,0.238437679024547,0.135500479968478,0.42220327566551,0.267441332770046,0.157382627260802,0.229287125716076,-0.074834677825766,0.219611966883641,0.242540971771344,0.125802421380795,0.160135131826299
"PasHayFlu",0.0406646074252753,-0.302582383644531,-0.486236334257025,0.723087986817208,0.764616338615658,0.881872669020202,0.967443206573105,0.731823529295405,1,0.957916562728668,0.722719724272985,0.737610042746404,0.707112355101048,0.741973214100631,0.881872669020202,0.965020798251407,0.73792429114167,0.993074081932102,0.971478220219049,0.719991258334136,0.68076483023322,0.159539351363873,0.0864144126094096,-0.147116881108282,0.168623241765157,-0.263455515209806,0.435464900944745,-0.394119557134329,0.234328212934898,-0.254192696262372,0.162680911059969,0.141761854144329,0.000259263095831317,0.000259263095830633,-0.504360271171646,-0.0229819448900684,0.0459273467746151,-0.222667734175569,-0.0101132120840691,-0.129162004251812,-0.0191750733183798,-0.118837686972119,-0.00646528146567048,-0.436194625115184,-0.272114874393929,0.454114458019982,-0.25024569925791,0.507395432826046,0.35327477090165,-0.482312288710987,-0.0306895922560726,-0.154624035274117,0.0551699226388278,-0.160414278515703,-0.141531395898643,-0.257987415888532,-0.098716816057233,-0.285947017871592,-0.0130441371976149,-0.154624035274117,0.0243483321935508,-0.137825341395436,0.0657529891111617,-0.175505331261574,0.0438347857115417,-0.124562089696328,-0.355156650098712,-0.150395091969036,0.0172058526411311,0.00432164526678919,-0.132288089495663,-0.146549047869862,0.0551758217323616,-0.0692930419802145,0.140217566303445,-0.361086559118964,0.337448862351731,0.172924684865706,-0.140464056908484,0.0348074036848928,0.0720429271331083,-0.00404239735416589,-0.364794297691468,0.106770633695532,-0.0308062557642947,-0.0696264779057556,-0.0721944073589448,-0.0195931745235212,-0.0835099805820125,-0.135623296408121,-0.144421162430522,0.182940230548287,0.17607487281965,0.0434782201455287,0.074991183669149,0.113135238264773,-0.104055775526527,0.0992599263832891,0.0440309083652433,0.0552312909689692,0.173916426344398,-0.0610306593946959,-0.364473539143262,0.25989212838568,0.0423109301034373,-0.124601706049546,-0.163157607378246,-0.163120082796114,-0.0666273436209106,-0.112260354707139,-0.158767357970666,-0.144446565739787,0.191731489095912,0.198161854640141,0.0448771720956833,0.0993217072180004,-0.0473735025845362,-0.092470094197674,-0.150367285865991,0.0346326196709068,-0.15946351982,0.0924818497803616,0.191676672900933,-0.0462666630767663,0.113709397686093,-0.0853101630941356,0.272222507060424,0.127883134363184,0.260941283038805,-0.0346745336788008,0.0433070753928487,0.130869968567194,0.258378697929065,-0.0214877767278658,0.0578890995120295,0.13971946846231,0.072054454359002,0.157557995694278,-0.0448988153604926,0.143817329146804,0.0399319387318455,0.388466837672647,-0.0794090940544051,0.390440517724767,-0.540230752642025,0.0135869489311206,0.560812683080069,-0.546954789977511,-0.0357787942153297,0.230025062566143,0.0834093845083393,0.501770793999649,0.520871437588505,0.408514820758893,0.364488033056705,-0.0323225092991372,0.476371483232174,0.382344637592645,0.223067012251013,0.427341319350746
"PasHayGly",-0.0410271569560082,-0.31523870278916,-0.600204537947757,0.809421624095738,0.833897615537713,0.963171138638076,0.968311149236065,0.819625493288205,0.957916562728668,1,0.838740937988977,0.836170803857397,0.790382864811096,0.804187970976783,0.963171138638076,0.940137339962494,0.814318102424991,0.925265311936333,0.99099449358083,0.824032354689798,0.7793133756218,0.163106236148045,0.142004285492637,-0.0491570457019687,0.143992689530586,-0.25114287465994,0.460902457920586,-0.434059632191495,0.214209528462676,-0.311025992520582,0.176066568990041,0.154374330716597,0.000293265047123517,0.000293265047122786,-0.551784599614959,0.0447372482554804,0.0840559834376175,-0.166256638338602,0.00725414025858255,-0.173399637298147,0.0364808075933123,-0.161021183376225,0.0421248578393099,-0.471963299749981,-0.29678169438032,0.491231119071201,-0.273141314712116,0.550001497469829,0.419067970044499,-0.527892912644079,-0.0768303468459134,-0.144622283633178,0.10844975403789,-0.179908432828611,-0.187267608927114,-0.28670677991638,-0.141328817720722,-0.310074736868284,-0.0679479024554794,-0.144622283633178,0.0855890218924038,-0.150377148546159,0.0293963834700832,-0.233801007957589,0.00601283246380715,-0.131157398374246,-0.363089056413004,-0.148561584172242,0.0270079326746716,-0.00228307576547197,-0.134219040850683,-0.147513167724753,0.00424592568578716,-0.0225598575382092,0.0844020781023114,-0.336952542976416,0.305384245277027,0.184256070938004,-0.100077979668561,0.00198810567405843,0.0290299954802922,0.00588687853891998,-0.403407418285181,0.101516334769098,-0.0349617242952661,-0.0590017683757814,-0.0640366482025191,0.00793215736650506,-0.0542296393845052,-0.105864417576188,-0.11700745375102,0.15994567162888,0.144391756054576,-0.0396202544850977,0.0805096656059017,0.0771719793256439,-0.100962037260991,0.0964062939924044,0.115785156118075,0.0150922334417713,0.159767867648551,-0.0465804727759682,-0.396773543178255,0.242358762695188,0.0517181999135231,-0.145694607927024,-0.177407756285076,-0.177363715375583,-0.0463761931483425,-0.0919229702679391,-0.129649243963202,-0.116221919597698,0.180222975559312,0.171412427073407,0.0501536694435967,0.0633985699152816,0.0500685537599143,-0.0798472796426923,-0.165700708856211,0.0599194774611883,-0.161315933319513,0.153906772566127,0.153930797681849,0.0109704583572567,0.167999487626706,-0.052718810965679,0.272418720883815,0.184853733949486,0.193152800213862,0.0187164987989571,0.0573538632668695,0.113491250856151,0.186128828441042,0.00442627311782623,0.105848863482625,0.166031427516694,0.0433176001062538,0.204760425938891,0.0519089640959974,0.191421621367042,-0.0430705304068099,0.417865047082339,0.0443946356406194,0.480301638335279,-0.567716123451556,0.0781417906670653,0.581802179647886,-0.515693819745273,-0.0761666644123785,0.29292862172932,0.105623811854271,0.537035065710908,0.478504361011321,0.324819276490129,0.363727657794698,-0.122210738926596,0.397274382191527,0.395678352814299,0.192989154123525,0.370705367562746
"PasHayMcpa",-0.369393110991669,-0.120351975272539,-0.544970222501137,0.94387501075981,0.84664068992419,0.81450636761033,0.841589071587773,0.91411590683407,0.722719724272985,0.838740937988977,1,0.82756928848574,0.931578729700198,0.827409551141612,0.81450636761033,0.799117566658311,0.897420966427004,0.684195056258498,0.81747660187996,0.992421687901291,0.772808418022636,-0.0163509648715564,-0.00288073785479358,0.0713942354829605,-0.0189343292905389,-0.241385380781257,0.36194616811216,-0.430767537152692,0.194613743904179,-0.22320432594633,0.133475324388229,0.0650861309734518,-0.00073688924426282,-0.000736889244263677,-0.502465465595917,0.0561549678377824,0.0871000178432965,-0.0537851328827893,0.00822437508607469,-0.229665521981019,0.185863649007982,-0.219154758422284,0.129631121868128,-0.413420431571296,-0.27989958425264,0.428676750600194,-0.260263457970049,0.42184646615543,0.291330290532029,-0.369087048237095,-0.162145673050289,-0.0810186409964853,0.181261002885624,-0.095262266165337,-0.112662960643086,-0.241815150236055,-0.13008676845915,-0.233609850443582,-0.127939578069415,-0.0810186409964853,0.126187760138584,-0.0261955991075916,-0.184916364829475,-0.183897425915087,-0.0136997713117412,-0.191692040115731,-0.37131055385785,-0.25270934785363,-0.0247899790415947,0.0207432966450884,-0.0476981619350836,-0.05450329478663,0.017501572385922,0.127986390453887,-0.0183518034300795,-0.156284630790203,0.167441247664358,0.224905456156158,0.00507547079999817,-0.0519932213562688,-0.0538887521353,-0.0554696391569734,-0.254821418393459,0.00697172797216441,-0.0508994485008522,-0.10291275092605,-0.107060569342293,-0.0361511301866114,-0.0976889619884803,-0.159895646899297,-0.172862286965095,0.19937595499058,0.193590369717126,-0.15459298796491,0.0891613275588945,0.0344142259312613,-0.131872474672457,0.192742027554976,0.182047109078792,-0.0385210081615483,0.131127176722612,-0.103256017671391,-0.23303284303206,0.0875696452402551,-0.039178527856969,-0.138939721242522,-0.1386072395759,-0.138564589256852,-0.0993136297825658,-0.14012624105149,-0.183266496435939,-0.167240329610819,0.249267487175961,0.232992647939955,0.0680492913903849,0.0215210198565818,0.206786546411118,-0.12747805596516,-0.137981210485882,-0.048542854187597,-0.152485223288735,0.13494699911334,-0.0504795195256086,0.14314421106445,0.146666933246539,-0.0356612707040106,0.181472548264513,0.310786375720138,-0.0402678077363863,0.140888317395642,-0.148823638613187,0.0297661468087185,-0.0186930946409063,-0.0364491232900402,-0.0623359109995441,-0.014496305883107,0.068645346396049,0.338202139776272,0.203710184943905,0.331688021781077,-0.156877777019722,0.249703505353029,-0.00986301497150305,0.412463784665902,-0.52219947129365,-0.0440025901546892,0.456289336958018,-0.489485354462598,-0.16235089139316,0.17663966126394,-0.0590213164972045,0.404234072296436,0.350801488483451,0.149810868371949,0.390442058371934,-0.27264921673924,0.227370540222561,0.399979830211809,0.181661205944283,0.227229160277583
"PasHayMet",-0.187614711588047,-0.330998741204983,-0.705759277611061,0.747063618411588,0.715135590800936,0.853472952505325,0.79345730016032,0.833277434686677,0.737610042746404,0.836170803857397,0.82756928848574,1,0.726862992591848,0.682709180316612,0.853472952505325,0.742878647083825,0.825683281486573,0.689211785825763,0.800979952308174,0.799651092963225,0.991865971756487,0.222271093338864,0.305853937625045,0.124269507915469,-0.000517555627060568,-0.09522532150494,0.331448176215633,-0.422493898371834,0.13521586154483,-0.477638922387196,0.122065577214575,0.0321601563972983,-6.32811774851503e-05,-6.32811774856605e-05,-0.431349150967901,0.28863235830781,0.21844923493538,-0.0455716700629462,-0.118715266833612,-0.223096168727473,0.151889433995056,-0.206022341182157,0.141630240398891,-0.500215471187913,-0.327104355113158,0.517569060913878,-0.305778624922438,0.520883033698995,0.44883034681403,-0.493410352704786,-0.104559677547495,-0.0962690702613323,0.147568043716452,-0.15896027827264,-0.186013136450651,-0.248271938658981,-0.172146649693668,-0.290031395091071,-0.0980606957073338,-0.0962690702613323,0.125669631557083,-0.108775950787137,-0.088047016370893,-0.278887049268391,-0.117034054903996,-0.043142206774814,-0.276740528086984,-0.099514600816998,0.0509351320650847,-0.0343373349776095,-0.146787434833749,-0.160373269151263,-0.153530468416103,0.101818532427062,-0.124749199226092,-0.152391278995639,0.135320170101821,0.206165054604082,-0.130327595614924,-0.072879323233374,0.00459411639097414,0.0018498805299634,-0.295276973413481,0.0951311952747781,-0.0136196037189501,-0.0587795108084853,-0.0677913811355244,0.0473621201398431,-0.0140073048630729,-0.0216013809255369,0.0216257078260895,0.0404519577310063,-0.00698828416619794,-0.0945195807333976,-0.0564787048092198,-0.0430593060254998,-0.0765729061936644,0.212951606948817,0.236099025521604,-0.0545269582377184,0.107798820504989,-0.0265057908359368,-0.287059206231793,0.116396688873988,0.00242431235508729,-0.133064522375563,-0.140443756163986,-0.140405895723349,-0.00958990858539081,-0.0422403153968142,-0.0370263641239412,0.0281690693033529,0.0571520523601287,0.0107379575804182,-0.0759527743551231,-0.0505254852573172,0.14854430830307,-0.0489222023213094,-0.130426967492852,0.034225931508869,-0.111644062802152,0.191782184843602,0.00089698597406036,0.115149100554127,0.191214430686261,-0.0222478035480723,0.200518402481446,0.22143060869386,0.0299447402304202,0.137461298719292,-0.0167550510422282,-0.00546524536232298,-0.0237073250879978,0.0182855937646668,0.117394838980116,0.195273112780612,0.0386769396035607,0.199244433317698,0.151780111550298,0.183748965586024,-0.0979491242693146,0.511681969585235,0.233198037986843,0.558520313192089,-0.558948900152766,0.259169941488692,0.621109583771885,-0.408578201643585,-0.173819053825064,0.44383111695166,0.236297581719099,0.60635098751162,0.181439195291763,0.00461849781336472,0.167941603546617,-0.166215180806568,0.065954498180722,0.207691110755637,-0.0675738756954183,0.162378031857017
